學號,姓名,國文,英文,數學,地理,歷史,總分,平均
1,鄭淑珍,100,92,77,97,82,448,89.6
2,王坤安,96,55,63,91,58,363,72.6
3,方雅慧,99,64,85,99,97,444,88.8
4,林向鈺,93,84,86,96,85,444,88.8
5,楊偉翔,71,63,86,100,94,414,82.8
6,陳怡珊,51,53,100,82,61,347,69.4
7,蔡明平,78,62,96,98,73,407,81.4
8,余宗儒,63,77,86,74,98,398,79.6
9,林志成,67,98,50,57,52,324,64.8
10,鄭孟芳,56,96,90,61,65,368,73.6
11,賴佳雯,65,51,99,100,70,385,77.0
12,彭偉妃,93,80,57,88,85,403,80.6
13,洪奎夫,96,59,68,94,51,368,73.6
14,王坤安,90,86,55,100,57,388,77.6
15,陳倩潔,57,91,50,76,70,344,68.8
16,余宗儒,56,88,69,81,98,392,78.4
17,王志謙,85,99,55,73,96,408,81.6
18,郭淑枝,100,78,88,90,93,449,89.8
19,賴苑禾,73,60,82,60,57,332,66.4
20,陳逸華,81,100,96,58,81,416,83.2
21,林淑安,94,77,69,61,80,381,76.2
22,黃名明,95,95,89,84,91,454,90.8
23,陳建豪,65,98,83,72,67,385,77.0
24,呂傑宣,83,51,81,82,85,382,76.4
25,游一鈺,96,86,53,89,75,399,79.8
26,黃淑芬,96,78,58,84,56,372,74.4
27,馬彥文,75,96,60,77,51,359,71.8
28,黃翔杰,59,61,89,99,91,399,79.8
29,黃靜怡,68,91,76,67,86,388,77.6
30,葉祖雄,92,100,77,86,79,434,86.8
31,郭淑真,75,54,66,56,57,308,61.6
32,胡芳瑜,76,97,79,93,53,398,79.6
33,元延辛,72,73,88,94,66,393,78.6
34,謝水儒,75,56,72,73,98,374,74.8
35,陳樂紫,61,56,100,78,91,386,77.2
36,林詠斌,53,78,86,71,77,365,73.0
37,林向鈺,87,97,81,96,51,412,82.4
38,陳家年,88,85,70,68,53,364,72.8
39,李湘婷,51,57,89,81,83,361,72.2
40,李佳彥,76,97,87,53,81,394,78.8
41,洪奎夫,75,68,51,79,56,329,65.8
42,簡美君,67,65,72,54,98,356,71.2
43,鄭佳玲,57,84,78,83,75,377,75.4
44,游一鈺,98,83,89,92,65,427,85.4
45,龐皓芳,81,92,83,90,91,437,87.4
46,呂傑宣,95,87,95,76,84,437,87.4
47,陳得映,90,63,89,72,86,400,80.0
48,吳振瑋,84,89,93,97,99,462,92.4
49,簡美君,70,58,80,79,96,383,76.6
50,趙宛真,54,58,81,81,85,359,71.8
51,周家銘,86,81,93,77,81,418,83.6
52,洪奎夫,78,65,55,100,98,396,79.2
53,蒙淑惠,91,85,66,54,83,379,75.8
54,洪阿惠,54,58,78,93,66,349,69.8
55,艾巧夫,99,88,81,54,80,402,80.4
56,黃佩玲,88,91,88,88,64,419,83.8
57,蔡偉成,87,56,94,71,55,363,72.6
58,邱亭君,57,69,52,81,88,347,69.4
59,林怡偉,79,92,97,80,79,427,85.4
60,陳倩潔,100,59,58,92,52,361,72.2
61,李慶亮,93,95,56,73,55,372,74.4
62,程玫靖,50,55,96,58,69,328,65.6
63,謝水儒,57,57,92,86,94,386,77.2
64,白世宏,77,57,74,51,97,356,71.2
65,陳俊憲,74,93,100,65,73,405,81.0
66,楊健麟,98,70,65,77,65,375,75.0
67,翁均安,94,87,66,100,73,420,84.0
68,楊健麟,52,75,53,96,80,356,71.2
69,黃心航,61,50,50,58,85,304,60.8
70,馮淑芬,55,96,81,61,94,387,77.4
71,劉旭士,100,72,99,94,62,427,85.4
72,陳倩妮,50,86,53,58,95,342,68.4
73,林佳光,77,55,92,89,61,374,74.8
74,翁均安,89,66,58,87,77,377,75.4
75,黃佩芬,82,75,76,63,63,359,71.8
76,鄭奇翰,64,54,69,59,98,344,68.8
77,余宗儒,50,89,77,97,51,364,72.8
78,戴萱能,98,89,72,90,84,433,86.6
79,陳俊憲,94,66,64,52,86,362,72.4
80,陳得映,60,78,93,57,73,361,72.2
81,陳怡容,100,77,95,73,85,430,86.0
82,柯宜臻,94,68,97,97,90,446,89.2
83,林佳慧,58,94,78,99,50,379,75.8
84,林珈發,68,62,60,63,52,305,61.0
85,陳怡伶,58,82,76,56,60,332,66.4
86,陳信念,74,58,76,70,100,378,75.6
87,陳倩妮,82,74,64,64,80,364,72.8
88,王士銘,61,70,69,82,62,344,68.8
89,林玉佩,57,87,67,79,64,354,70.8
90,李湘婷,60,99,85,63,55,362,72.4
91,孫宜珊,100,57,66,77,84,384,76.8
92,吳昕婷,68,60,63,58,68,317,63.4
93,林珍旺,81,66,88,53,79,367,73.4
94,吳振瑋,87,55,69,60,84,355,71.0
95,鄧哲榮,78,84,69,87,61,379,75.8
96,張嘉韋,62,79,72,85,69,367,73.4
97,楊偉翔,59,100,71,65,71,366,73.2
98,游詩亞,97,56,77,94,76,400,80.0
99,梁柏宇,70,100,81,50,50,351,70.2
100,呂傑宣,63,97,67,60,89,376,75.2
